  ebno  :2.0	2.2	2.4	2.6	2.8	3.0	3.2	3.4	3.6	3.8	4.0	4.2	4.4	4.45	4.5	4.55	4.6	4.65	4.7	4.75	4.8
num_runs:644.0	726.0	976.0	1200.0	1769.0	3416.0	8065.0	19648.0	50570.0	101438.0	102000.0	102000.0	102000.0	102000.0	102000.0	102000.0	102000.0	102000.0	102000.0	102000.0	102000.0
ave_bler:0.889751552795031	0.7424242424242424	0.5348360655737705	0.34	0.17750141322781232	0.07845433255269321	0.02727836329820211	0.010280944625407165	0.00403401226023334	0.0019617894674579545	0.0010294117647058824	0.0005980392156862745	0.0003235294117647059	0.00026470588235294115	0.000196078431372549	0.00015686274509803922	0.00016666666666666666	0.00014705882352941175	0.0001372549019607843	0.00010784313725490196	0.00010784313725490196
ave_ber :0.037243553547901376	0.02691585274229902	0.01755153999006458	0.010227272727272727	0.004888055227229902	0.0018739798452913209	0.0005985459054274926	0.0001901650873556411	6.154085845602554e-05	2.0537996937373895e-05	1.1274509803921569e-05	6.327985739750446e-06	4.857397504456328e-06	4.129530600118835e-06	1.3814616755793227e-06	1.1289364230540701e-06	2.9560308972073675e-06	1.0843731431966726e-06	9.80392156862745e-07	7.130124777183601e-07	6.981580510992276e-07
ave_iter:46.25931677018634	40.90771349862259	32.568647540983605	23.840833333333332	16.17015262860373	10.706088992974239	7.162926224426535	5.300895765472313	4.208878781886494	3.5372641416431714	3.057264705882353	2.6929901960784313	2.4027254901960786	2.3390392156862747	2.278058823529412	2.2196764705882353	2.166078431372549	2.1124509803921567	2.0604509803921567	2.009843137254902	1.961656862745098
  ebno  :2.0	2.2	2.4	2.6	2.8	3.0	3.2	3.4	3.6	3.8	4.0	4.2	4.4	4.6	4.8	5.0	5.05	5.1	5.15	5.2
num_runs:686.0	810.0	915.0	1323.0	2035.0	3924.0	8772.0	22076.0	52665.0	112877.0	206720.0	422188.0	786759.0	1319092.0	3031093.0	5923209.0	6955973.0	8147014.0	8811509.0	10364972.0
ave_bler:0.8571428571428571	0.7111111111111111	0.5147540983606558	0.31216931216931215	0.1493857493857494	0.06676860346585117	0.025649794801641587	0.009693785105997462	0.0038925282445647015	0.0017984177467508882	0.0009723297213622291	0.00047609122002520204	0.00025420745107459846	0.00015161944731679065	6.598279894414326e-05	3.376548083986231e-05	2.8752268014841347e-05	2.4548871525199295e-05	2.26975878932882e-05	1.9295758830800507e-05
ave_ber :0.035475748741054865	0.026172839506172843	0.016764364961086273	0.008974094688380401	0.003999702181520364	0.0016630370988169154	0.0005176594950876757	0.00016396525501435812	5.845984769368421e-05	2.483260808694688e-05	1.1067525096162867e-05	5.221715099778901e-06	2.337938224276989e-06	1.788420299032144e-06	6.268365899693608e-07	3.5939773166671623e-07	2.6421591743941325e-07	2.0475990567609412e-07	2.538003009885862e-07	1.8784128861802007e-07
ave_iter:45.18950437317784	39.453086419753085	31.491803278688526	22.64625850340136	14.823587223587223	10.077217125382264	7.021203830369357	5.250407682551187	4.208715465679294	3.5272110350204207	3.055437306501548	2.6913886704501313	2.405636287605226	2.1691693983437093	1.9638625406742716	1.781996549505513	1.7395359355190136	1.6980164757296354	1.6572110406968885	1.6176794302965796
