  ebno  :2.0	2.2	2.4	2.6	2.8	3.0	3.2	3.4	3.6	3.8	4.0	4.2	4.4	4.45	4.5	4.55	4.6	4.65	4.7	4.75	4.8
num_runs:626.0	709.0	859.0	1269.0	1920.0	3642.0	9403.0	24643.0	97763.0	372370.0	1298648.0	3474660.0	11180151.0	14490259.0	18172012.0	21936436.0	27277379.0	33052570.0	40612541.0	50000000.0	50000000.0
ave_bler:0.8833865814696485	0.7277856135401974	0.5355064027939465	0.3199369582348306	0.16041666666666668	0.06809445359692477	0.023822184409231097	0.008399951304630117	0.002045763734746274	0.0005371001960415715	0.00015400632041939	5.755958856406094e-05	1.788884604510261e-05	1.380237578914221e-05	1.1005935941490683e-05	9.117251316485503e-06	7.332082748859412e-06	6.050966687310548e-06	4.924587210635257e-06	3.48e-06	2.58e-06
ave_ber :0.03616758640720302	0.026326024704021882	0.017262849684269943	0.00946581655801514	0.004501262626262626	0.0017398033048774398	0.0006097344819029388	0.00018648113238869235	4.0140364189339776e-05	9.374839785452885e-06	2.479268415842453e-06	8.088866423207049e-07	2.2306848931999165e-07	1.7608485476451122e-07	1.320712312978882e-07	1.1348215085595214e-07	8.309693782040667e-08	7.096133660573279e-08	5.857274182346479e-08	3.548484848484848e-08	2.390909090909091e-08
ave_iter:46.0702875399361	40.41466854724965	32.18626309662398	23.2167060677699	15.505208333333334	10.165568369028007	6.9944698500478575	5.257030394026701	4.143939936376748	3.481757391841448	3.022875328803494	2.676099532040545	2.3972305919660655	2.335556389985852	2.276470541621918	2.219792950869503	2.1651046825283324	2.112383091541747	2.0613192855871785	2.01176972	1.96358772
