  ebno  :2.0	2.2	2.4	2.6	2.8	3.0	3.2	3.4	3.6	3.8	4.0	4.2	4.4	4.45	4.5	4.55	4.6	4.65	4.7	4.75	4.8
num_runs:640.0	656.0	792.0	877.0	1204.0	1603.0	2072.0	3446.0	5394.0	9269.0	19304.0	38191.0	79619.0	93222.0	102000.0	102000.0	102000.0	102000.0	102000.0	102000.0	102000.0
ave_bler:0.9390625	0.8612804878048781	0.7108585858585859	0.5256556442417332	0.35299003322259137	0.2252027448533999	0.14285714285714285	0.08067324434126523	0.043010752688172046	0.023950803754450318	0.010826771653543307	0.005420125160378099	0.0025245230409826802	0.00216687048121688	0.0018431372549019608	0.0015098039215686275	0.0012352941176470588	0.0009705882352941176	0.0008137254901960785	0.0006666666666666666	0.0006078431372549019
ave_ber :0.034715909090909096	0.025956208425720623	0.017366850321395778	0.0105490480633012	0.0057787174066243835	0.0032949583167923777	0.0018997893997893998	0.0009202588860162858	0.0004738710801002236	0.00023620605668291502	9.928857577013399e-05	4.812334811549286e-05	2.201773826637239e-05	1.8999936937762772e-05	1.598336304218657e-05	1.2908496732026143e-05	1.0264408793820558e-05	8.481877599524658e-06	6.833036244800951e-06	5.600118835412953e-06	4.738562091503268e-06
ave_iter:48.2921875	45.478658536585364	40.11489898989899	32.35119726339795	24.50249169435216	18.117280099812852	13.311776061776062	9.67382472431805	7.1132740081572114	5.40824252885964	4.128418980522172	3.326228692623917	2.767115889423379	2.6617751174615436	2.5648039215686276	2.4705686274509806	2.3825588235294117	2.2980392156862743	2.2250980392156863	2.1549019607843136	2.0880196078431372
  ebno  :2.0	2.2	2.4	2.6	2.8	3.0	3.2	3.4	3.6	3.8	4.0	4.2	4.4	4.6	4.8	5.0	5.05	5.1	5.15	5.2
num_runs:579.0	625.0	647.0	832.0	1114.0	1451.0	2147.0	3492.0	6014.0	10809.0	20537.0	35755.0	79022.0	153144.0	353420.0	666435.0	842173.0	947273.0	1188314.0	1424864.0
ave_bler:0.9378238341968912	0.8496	0.7156105100463679	0.5420673076923077	0.36714542190305205	0.23294279807029636	0.1462505822077317	0.07388316151202749	0.0404057199866977	0.020723471181422887	0.009933291133076885	0.005649559502167529	0.002581559565690567	0.0013059604032805725	0.0005658989304510215	0.0003001042862394682	0.00023748089763029687	0.00021113237683328883	0.00016914721193219973	0.00014036427336222966
ave_ber :0.035165122729889566	0.026193939393939394	0.01769237974802117	0.011181526806526806	0.006076927261846473	0.003398909842741683	0.001866593273207153	0.0008851400603977924	0.0004446695085205228	0.00020998214170570538	9.28848301882338e-05	5.1486759639465556e-05	2.072687084455959e-05	1.0635662375201633e-05	4.454310520747055e-06	2.36445801279581e-06	1.9844047733804354e-06	1.7994236661928024e-06	1.3974471903941723e-06	1.0697459015333562e-06
ave_iter:48.03626943005181	45.0288	39.95672333848532	33.10576923076923	25.384201077199283	18.586492074431426	13.630647414997672	9.540378006872853	6.9888593282341205	5.2311037098714035	4.048351755368359	3.310250314641309	2.7659132899698817	2.3852387295617197	2.085971365514119	1.8501939423949822	1.7990116045040627	1.749415427231643	1.7009839150258266	1.6553867597188223
