  ebno  :3.0	3.2	3.4	3.6	3.8	4.0	4.2	4.4	4.6	4.8	4.85	4.9	4.95	5.0	5.05	5.1	5.15	5.2
num_runs:212.0	230.0	250.0	207.0	266.0	320.0	778.0	4082.0	66062.0	1353423.0	3151627.0	7499542.0	18919667.0	52076123.0	56215000.0	56215000.0	56215000.0	56215000.0
ave_bler:1.0	1.0	1.0	1.0	0.9699248120300752	0.74375	0.30077120822622105	0.05242528172464478	0.0030274590536163	0.00014851232763149437	6.345928626706142e-05	2.6668295210560857e-05	1.0571010578568851e-05	3.840531677060522e-06	1.5654184826114026e-06	5.692430845859646e-07	1.7788846393311394e-07	7.115538557324557e-08
ave_ber :0.03604917095483134	0.03275242544017248	0.029540495867768597	0.026243994623441264	0.02234719028977402	0.015179924242424241	0.005559568576628638	0.0009425239882680531	5.2346685261770535e-05	2.42462459979217e-06	1.0757485345574724e-06	4.2581112683308743e-07	1.6945650291099765e-07	5.893047228988183e-08	2.415950763609509e-08	8.512183522088675e-09	2.876598576549253e-09	9.114946085828978e-10
ave_iter:50.0	50.0	50.0	50.0	48.88345864661654	40.596875	21.9987146529563	8.596031357177853	4.411189488662166	3.2677632935157743	3.099868417169925	2.9516211789999978	2.815150922053755	2.6865594429907924	2.564845948590234	2.451132384594859	2.3482974828782353	2.2587722493996263
