  ebno  :3.0	3.2	3.4	3.6	3.8	4.0	4.2	4.4	4.6	4.8	4.85	4.9	4.95	5.0	5.05	5.1	5.15	5.2
num_runs:239.0	219.0	226.0	238.0	245.0	319.0	798.0	4784.0	53157.0	1395111.0	3156097.0	8350552.0	19207865.0	47730085.0	50000000.0	50000000.0	50000000.0	50000000.0
ave_bler:1.0	1.0	1.0	1.0	0.9755102040816327	0.7272727272727273	0.2794486215538847	0.043478260869565216	0.0037812517636435466	0.00014335776866500227	6.3369408481425e-05	2.3950512493066325e-05	1.0412401378289571e-05	4.190229286203869e-06	1.7e-06	6.6e-07	1.8e-07	6e-08
ave_ber :0.036318555147007034	0.0329397475516197	0.02956929173743333	0.026153222231653603	0.02206532444627683	0.014721404219836821	0.005203454764858274	0.0007752412643716992	6.716756940935632e-05	2.3555081181320242e-06	1.0337534817929432e-06	3.9769678152066924e-07	1.6743398512619959e-07	6.49991094522393e-08	2.682379349046016e-08	9.938271604938273e-09	2.643097643097643e-09	8.305274971941639e-10
ave_iter:50.0	50.0	50.0	50.0	49.43265306122449	39.708463949843264	20.855889724310778	8.258361204013378	4.449235284158248	3.2759307323933364	3.1081367271031275	2.959660032055366	2.8238302903524155	2.6958849748539104	2.5745393	2.46104196	2.3578545	2.26753174
