  ebno  :3.0	3.5	4.0	4.5	5.0	5.5	6.0	6.5	7.0
num_runs:251.0	309.0	441.0	726.0	1168.0	1272.0	1806.0	3567.0	6723.0
ave_bler:0.9920318725099602	0.8381877022653722	0.5306122448979592	0.3002754820936639	0.17722602739726026	0.1721698113207547	0.12403100775193798	0.05747126436781609	0.029748624126134167
ave_ber :0.030496071270473664	0.01902418194893923	0.011392983119173595	0.009034473523109886	0.014152724267503806	0.048067211521663177	0.04915328534514581	0.00809382106033704	0.0009477209248516701
ave_iter:49.74900398406375	44.38187702265372	32.945578231292515	22.34710743801653	16.143835616438356	13.748427672955975	10.2718715393134	5.92654892066162	3.5271456195150974
