  ebno  :3.0	3.2	3.4	3.6	3.8	4.0	4.2	4.4	4.45	4.5	4.55	4.6	4.65	4.7	4.75	4.8
num_runs:620.0	599.0	799.0	1172.0	2535.0	6113.0	25365.0	137051.0	209352.0	378634.0	679178.0	1113407.0	2308777.0	3643682.0	6932460.0	11129159.0
ave_bler:0.9451612903225807	0.8280467445742905	0.5994993742177722	0.3310580204778157	0.11597633136094675	0.03860624897758874	0.008436822393061306	0.0014884969828749882	0.0009601054683021896	0.0005282145818917477	0.0002959459817603044	0.00017962883294249092	8.662594958283109e-05	5.4889532072228035e-05	2.8849787809810658e-05	1.797080983387873e-05
ave_ber :0.026702508960573478	0.02078551057317752	0.013670516965651509	0.006896301431551005	0.0024004218715757177	0.000751898276896232	0.00015437802527542327	2.63169975653832e-05	1.6266297644371416e-05	9.097028910357877e-06	5.484315435554286e-06	3.0257790826814554e-06	1.5343771712132536e-06	9.770050825877048e-07	4.6968556455989494e-07	3.0934128385921464e-07
ave_iter:48.053225806451614	43.34056761268781	34.04255319148936	22.02133105802048	11.808678500986193	6.9674464256502535	4.398738419081411	3.2678418982714463	3.08974358974359	2.9264249908882984	2.7875107850961016	2.6676058260815676	2.5594940524788665	2.462966307158528	2.3743499421561753	2.2928919426885717
  ebno  :4.85	4.9
num_runs:1016824.0	1664961.0
ave_bler:9.83454363783703e-06	6.0061466905230815e-06
ave_ber :1.6305536760649937e-07	1.2147848775103107e-07
ave_iter:2.2170641133568836	2.14661544624769
  ebno  :4.85	4.9	4.95
num_runs:5321974.0	6718674.0	14004240.0
ave_bler:9.395010197344068e-06	7.4419446456250145e-06	3.5703472662565054e-06
ave_ber :1.8268075383724577e-07	9.49623144884442e-08	5.684042436036832e-08
ave_iter:2.2173550641171866	2.1469950767071	2.080879219436399
