  ebno  :3.0	3.2	3.4	3.6	3.8	4.0	4.2	4.4	4.45	4.5	4.55	4.6	4.65	4.7	4.75	4.8
num_runs:542.0	621.0	738.0	1354.0	2379.0	6789.0	30250.0	156033.0	246293.0	451918.0	758858.0	1251082.0	2146332.0	3755241.0	5995674.0	10906175.0
ave_bler:0.9464944649446494	0.8148148148148148	0.5704607046070461	0.30132939438700146	0.11937788986969315	0.03314184710561202	0.006909090909090909	0.0012945979376157608	0.000816101147819873	0.0004447709540226324	0.00026355391917855513	0.00015986162377845737	9.318222903073709e-05	5.3258898696515085e-05	3.335738400720253e-05	1.833823499072773e-05
ave_ber :0.026398818675686758	0.020263016639828234	0.01282322719060524	0.00630782763006729	0.0024461725281397415	0.000653886597600694	0.00013653581267217632	2.257023443046592e-05	1.513765560170655e-05	7.669855667031039e-06	4.505811144289622e-06	2.6421573930050595e-06	1.6468664783557352e-06	8.187631040931269e-07	5.928753798155137e-07	2.9712079522737247e-07
ave_iter:48.049815498154985	42.98228663446055	33.13279132791328	21.049483013293944	11.960487599831863	6.724701723376049	4.319371900826447	3.2902334762518186	3.1117896164324605	2.9544342115162485	2.818574753115866	2.6971429530598314	2.5881331499507065	2.4884123282633523	2.3983984119216624	2.315501997721474
  ebno  :4.85	4.9	4.95
num_runs:4274740.0	8118086.0	11641102.0
ave_bler:1.1696617805995218e-05	6.159087252832749e-06	4.295126011265944e-06
ave_ber :1.7565233337128237e-07	9.345559477388581e-08	5.868514185531767e-08
ave_iter:2.2381875856777254	2.1666917546820765	2.0992545207489806
