  ebno  :2.8	3.0	3.2	3.4	3.6	3.8	4.0	4.2	4.25	4.3	4.35	4.4	4.45	4.5	4.55	4.6
num_runs:238.0	234.0	240.0	238.0	262.0	259.0	294.0	500.0	725.0	1190.0	2058.0	4132.0	8092.0	18772.0	45196.0	141729.0
ave_bler:1.0	1.0	1.0	1.0	1.0	1.0	0.9047619047619048	0.48	0.32413793103448274	0.1957983193277311	0.10447035957240039	0.054937076476282674	0.028175976272862086	0.011240144896654591	0.004535799628285689	0.001411143802609205
ave_ber :0.03075993068184635	0.027659164827306418	0.024908375793331546	0.022041640469542604	0.019212424181011628	0.016215387896803827	0.012005097024060362	0.005457227138643069	0.003549625026585661	0.002132164209207416	0.001111700091291928	0.0005801770326866918	0.0002905710104779217	0.0001123844491579152	4.545322822764557e-05	1.3738690199444137e-05
ave_iter:50.0	50.0	50.0	50.0	50.0	50.0	47.03741496598639	31.018	24.322758620689655	18.721008403361346	13.994169096209912	10.851161665053244	8.769154720711814	7.218943106754741	6.210969997344898	5.511045728114923
