  ebno  :2.8	3.0	3.2	3.4	3.6	3.8	4.0	4.2	4.25	4.3	4.35	4.4	4.45	4.5	4.55	4.6	4.65	4.7	4.75	4.8
num_runs:305.0	312.0	316.0	345.0	357.0	410.0	1018.0	6617.0	11768.0	22638.0	51053.0	88407.0	162888.0	317222.0	498901.0	675793.0	923594.0	1212057.0	1693604.0	2064987.0
ave_bler:1.0	1.0	1.0	1.0	0.9859943977591037	0.7804878048780488	0.28978388998035365	0.03294544355448088	0.017760027192386132	0.008878876225815001	0.003995847452647249	0.0022622643003382087	0.0012339767202003832	0.0006304732963035351	0.0004008811367385513	0.0002959486114831021	0.00021654536517127655	0.00016500874133807238	0.00011809136019990505	9.685290996989327e-05
ave_ber :0.028341883949021623	0.02460359208146819	0.020943867938939074	0.017042685415136358	0.012846168233987078	0.0073733231298523765	0.0020432694207404294	0.00018265604092403126	9.254180081923535e-05	4.127125804437115e-05	1.7880345265264876e-05	8.81640009242827e-06	4.491205133766198e-06	1.8674115198907334e-06	1.0438605089115938e-06	7.105068233581312e-07	6.634569045539916e-07	4.285625261086701e-07	2.81135974839007e-07	2.52716227945042e-07
ave_iter:50.0	50.0	50.0	50.0	49.661064425770306	43.87073170731707	25.960707269155208	11.786761372223062	10.148283480625425	8.849721706864564	7.8492546961001315	7.121902111823724	6.53224301360444	6.052184274735043	5.642426052463314	5.29134661057454	4.987600612390293	4.716105760702673	4.4727887983259365	4.253815641454401
