  ebno  :2.8	3.0	3.2	3.4	3.6	3.8	4.0	4.2	4.25	4.3	4.35	4.4	4.45	4.5	4.55	4.6	4.65	4.7	4.75	4.8
num_runs:285.0	334.0	345.0	326.0	356.0	419.0	968.0	6271.0	11513.0	24316.0	47479.0	102438.0	174012.0	282479.0	438347.0	667702.0	981286.0	1281365.0	1680238.0	2038330.0
ave_bler:1.0	1.0	1.0	1.0	0.9915730337078652	0.7732696897374701	0.2840909090909091	0.03348748206027747	0.018240250152002084	0.008471788123046553	0.00423345057815034	0.0019524004763857162	0.0011550927522239846	0.0007080172331394546	0.00045625953867598043	0.0002995348224207805	0.0002038141785371441	0.00015686396928275706	0.00011903075635713512	9.811953903440561e-05
ave_ber :0.02840326883177372	0.02471966766386776	0.020993699985619955	0.01708751009744549	0.012872836950593736	0.007191905538157677	0.0020138948912809805	0.0001933113213723637	9.793399451415899e-05	4.182549325628576e-05	1.910485995951261e-05	7.5263493826883e-06	4.155553162548713e-06	2.0515221786194174e-06	1.2214027473405671e-06	8.663135049096588e-07	5.040697939283485e-07	4.094629506019303e-07	2.9015542378287964e-07	3.370639031994465e-07
ave_iter:50.0	50.0	50.0	50.0	49.831460674157306	43.80429594272076	25.625	11.865571679158029	10.109094067575784	8.823490705708176	7.858990290444196	7.136580175325562	6.549169022826012	6.065194226827481	5.654864753266248	5.301829259160524	4.997251565802427	4.725480249577599	4.482156694468284	4.262700838431461
