  ebno  :2.8	3.0	3.2	3.4	3.6	3.8	4.0	4.2	4.25	4.3	4.35	4.4	4.45	4.5	4.55	4.6
num_runs:250.0	261.0	274.0	270.0	279.0	281.0	302.0	551.0	745.0	1249.0	2135.0	4007.0	9411.0	20392.0	50779.0	138934.0
ave_bler:1.0	1.0	1.0	1.0	1.0	0.99644128113879	0.9370860927152318	0.46098003629764067	0.3181208053691275	0.18975180144115292	0.10913348946135831	0.05290741202894934	0.023801933907129955	0.010445272655943508	0.004115874672600878	0.0014395324398635324
ave_ber :0.030527219093590775	0.027518599688267066	0.02474881232713414	0.02183784750156432	0.019121176557659575	0.01616740579988147	0.012304667728684607	0.005239017870918037	0.0034764704717784247	0.002081686802915113	0.001158022788662568	0.0005467436544909374	0.00024307837843683206	0.0001050672572473591	4.058252712363263e-05	1.421581713541823e-05
ave_iter:50.0	50.0	50.0	50.0	50.0	49.97508896797153	48.13907284768212	30.65880217785844	24.224161073825503	18.42514011208967	14.268384074941451	10.811330172198652	8.567208585697587	7.148783836798745	6.194292916363064	5.507643917255676
